1584806529676
4
60226
2976|2981|12542|13129|13312|13453|13754|13999|14119|14527|
59913
None
60225
None
52606
79|245|284|322|404|869|1210|1275|1389|1409|1410|1511|1512|1571|1684|1997|2055|2322|2425|2544|3019|3022|3023|3169|3177|3443|3504|3602|3608|3611|4531|4673|5000|5374|5590|5617|5667|5752|6071|6155|6358|7250|7254|10404|12500|12576|12616|12620|12627|12638|12644|12678|12731|12735|12744|12762|12773|12949|13023|13031|13069|13094|13099|13103|13178|13179|13180|13243|13246|13288|13333|13387|13413|13481|13501|13507|13537|13596|13666|13694|13789|13903|14000|14007|14034|14059|14100|14102|14132|14140|14158|14176|14236|14254|14317|14342|14347|14372|14430|14438|14443|14514|14520|14540|14563|14564|14567|14568|14571|15916|15926|15943|15957|15979|15986|17046|18624|19365|21564|21573|21574|21578|21587|21617|21813|22454|23122|
